0,278
0,9
78,35
0,273
0,270
3,2
3,1
3,3
10,255
10,87
10,257
10,127
10,193
10,139
10,99
10,1
10,307
10,2
10,3
11,9
11,25
11,13
11,7
11,23
11,1
11,21
11,2
11,3
9,7
9,1
9,5
9,2
9,3
8,14
8,4
8,11
8,10
8,7
8,1
8,12
8,2
8,3
12,2
12,1
12,3
20,2
20,1
20,3
19,2
19,1
19,3
18,1
18,3
14,1
14,3
13,1
13,3
77,3
77,2
77,1
77,0
76,5
76,4
76,3
76,2
76,1
76,0
69,4
69,3
69,2
2,2
69,1
2,1
69,0
2,3
67,5
67,4
67,3
67,2
67,1
67,0
55,3
55,2
55,1
55,0
0,0
78,34
78,33
78,32
78,31
78,30
78,29
78,28
78,27
78,26
78,25
78,24
78,23
78,22
78,21
78,20
78,19
78,18
78,17
